Linux 5.4.0-77-generic (ubuntu-dev-01) 	08/15/2021 	_x86_64_	(1 CPU)

02:06:09 AM kbmemfree   kbavail kbmemused  %memused kbbuffers  kbcached  kbcommit   %commit  kbactive   kbinact   kbdirty
02:06:14 AM   1942904   2868400    792508     19.80     74208   1005040   2222904     55.55    967696    741180       344
02:06:19 AM   1942148   2867652    793244     19.82     74216   1005048   2226440     55.64    967712    741180       348
02:06:24 AM   1942148   2867660    793244     19.82     74224   1005040   2226440     55.64    967720    741180       136
02:06:29 AM   1943664   2869188    791716     19.78     74240   1005036   2226440     55.64    966500    740924       224
02:06:34 AM   1943660   2869220    791676     19.78     74244   1005060   2224564     55.59    966644    740848       224
02:06:39 AM   1892768   2819320    840048     20.99     74256   1005908   2346832     58.65   1017176    738804       276
02:06:44 AM   1903372   2830004    829516     20.73     74304   1005912   2320356     57.98   1008660    737732       376
02:06:49 AM   1903380   2830020    829500     20.73     74312   1005912   2320356     57.98   1007944    737732       400
02:06:54 AM   1898064   2826440    833060     20.82     74320   1007616   2320356     57.98   1012468    739440       400
02:06:59 AM   1893080   2828032    831324     20.77     74328   1014124   2322712     58.04   1010984    745904      1840
02:07:04 AM   1882748   2827724    831524     20.78     74336   1023992   2322516     58.04   1011020    755788      6396
02:07:09 AM   1871628   2827492    831552     20.78     74344   1034768   2322516     58.04   1011028    766512     17156
02:07:14 AM   1870052   2827336    831756     20.79     74352   1036096   2322516     58.04   1011052    767892       340
02:07:19 AM   1869076   2826604    832484     20.80     74360   1036328   2322512     58.04   1011060    768124       344
02:07:24 AM   1868052   2825660    833408     20.83     74368   1036420   2322548     58.04   1013336    768332       408
02:07:29 AM   1868020   2825656    833428     20.83     74376   1036420   2322548     58.04   1013348    768352       444
02:07:34 AM   1867768   2825412    833668     20.83     74384   1036424   2322548     58.04   1013360    768352       152
02:07:39 AM   1866320   2825896    833144     20.82     74392   1038360   2325644     58.12   1013368    770260      2148
02:07:44 AM   1857468   2824756    834144     20.84     74400   1045956   2322548     58.04   1013380    777840      6240
02:07:50 AM   1851404   2827944    830816     20.76     74408   1055092   2322548     58.04   1011020    786964       868
02:07:55 AM   1839560   2828108    830524     20.75     74564   1066752   2322548     58.04   1011172    798660      3776
02:08:00 AM   1824660   2827788    830676     20.76     74960   1080708   2322548     58.04   1011592    812632     17768
02:08:05 AM   1814768   2827504    830804     20.76     75016   1090148   2322548     58.04   1011640    822060     27120
02:08:10 AM   1806672   2826492    831680     20.78     75024   1097144   2322548     58.04   1011664    829012     34060
02:08:15 AM   1801916   2826484    831676     20.78     75044   1101764   2322532     58.04   1011680    833684       220
02:08:20 AM   1801884   2826504    831640     20.78     75060   1101780   2322544     58.04   1011720    833676       284
02:08:25 AM   1770996   2825864    831724     20.78     75224   1131308   2322548     58.04   1041296    833796       300
02:08:30 AM   1608064   2702852    953712     23.83     78900   1166584   2442400     61.03   1196256    840212       944
02:08:35 AM   1590340   2689748    966876     24.16     78916   1171068   2475644     61.87   1209704    844432      6440
02:08:40 AM   1712536   2812924    843644     21.08     78924   1172072   2328284     58.18   1086788    845284      6028
02:08:45 AM   1674088   2775496    880936     22.01     78932   1173016   2376964     59.40   1124468    846000      6892
02:08:50 AM   1690176   2794100    862296     21.55     78940   1175488   2344336     58.58   1105500    848380      9432
02:08:55 AM   1675260   2787016    869212     21.72     78948   1183200   2361224     59.01   1112620    856000      5024
02:09:00 AM   1655120   2769136    887012     22.17     78984   1185244   2383352     59.56   1131720    856784      5704
02:09:05 AM   1706248   2820728    835348     20.87     78996   1185692   2332344     58.28   1079680    857160      5460
02:09:10 AM   1668720   2783668    872368     21.80     79004   1186168   2365660     59.12   1117588    857580      5160
02:09:15 AM   1516960   2695896    958896     23.96     79272   1248908   2558464     63.93   1217620    906016      6900
02:09:20 AM   1459112   2679148    974232     24.35     79336   1289308   2767252     69.15   1271200    905500     44692
02:09:25 AM   1419336   2683776    968068     24.19     80000   1332052   2821196     70.50   1306000    907752     85756
02:09:30 AM   1552036   2775552    876756     21.91     80008   1291508   2655716     66.37   1215812    866984     45268
02:09:35 AM   1483760   2750208    901684     22.53     80332   1333572   2835208     70.85   1241936    907756     85452
02:09:40 AM   1395256   2644388   1007160     25.17     80736   1315812   2715904     67.87   1346912    890032     45416
02:09:45 AM   1340804   2697256    950968     23.76     82384   1418200   2667788     66.67   1292460    992344     47160
02:09:50 AM   1299900   2775136    869380     21.73     84816   1529280   2514104     62.83   1215340   1102520     47608
02:09:55 AM   1184348   2765692    870180     21.75     91940   1620052   2500972     62.50   1224200   1193232     49280
02:10:00 AM   1041072   2717040    906392     22.65    105556   1689244   2541392     63.51   1273916   1262412     67584
02:10:05 AM   1014352   2734356    882844     22.06    122132   1704628   2506836     62.64   1469644   1075280     90496
02:10:10 AM   1054172   2784076    833140     20.82    122808   1712860   2455352     61.36   1440152   1063344     52800
02:10:15 AM    877136   2750672    866452     21.65    124704   1850400   2503904     62.57   1476804   1199072    139444
02:10:20 AM    845068   2782396    834472     20.85    125984   1909520   2471544     61.76   1451016   1253908    195056
02:10:25 AM    627020   2704616    912152     22.79    126692   2044148   2553172     63.80   1531688   1385948    231408
02:10:30 AM    561108   2678168    938548     23.45    126980   2081908   2611016     65.25   1564204   1417564    229572
02:10:35 AM    607988   2749624    867096     21.67    127012   2105844   2539568     63.46   1526120   1408424     21032
02:10:40 AM    562556   2725068    891672     22.28    127024   2126580   2555512     63.86   1585524   1394324     20960
02:10:45 AM    801800   2783416    833508     20.83    127084   1949416   2648444     66.18   1446088   1289360     43596
02:10:50 AM    826608   2766584    850404     21.25    127100   1908680   2581960     64.52   1464596   1249556     44128
02:10:55 AM    771220   2755876    861188     21.52    127428   1952396   2363724     59.07   1517068   1250832     84780
02:11:00 AM    694960   2680812    936092     23.39    127684   1953336   2800700     69.99   1551948   1291700     85796
02:11:05 AM    666556   2653132    963924     24.09    127868   1953812   2799216     69.95   1580416   1292284     85980
02:11:10 AM    792280   2748092    868852     21.71    128124   1922604   2542736     63.54   1489456   1257252     51600
02:11:15 AM    697636   2687712    924884     23.11    132460   1949728   2629580     65.71   1550024   1278888     55180
02:11:20 AM    690528   2697600    914488     22.85    133064   1966504   2672484     66.78   1540876   1294868     54840
02:11:25 AM    582268   2704008    909064     22.72    133232   2076896   2611884     65.27   1596400   1345604    169896
02:11:30 AM    429692   2690296    922536     23.05    133460   2209248   2645440     66.11   1692352   1395256    220824
02:11:35 AM    381188   2690304    922516     23.05    133476   2256416   2645440     66.11   1744180   1391040     80888
02:11:40 AM    655276   2700184    912616     22.81    133868   2001876   2770148     69.22   1678884   1193360     81760
02:11:45 AM    658548   2712664    900268     22.50    134900   2008384   2506456     62.64   1705920   1160876     80448
02:11:50 AM    592248   2671160    941640     23.53    136272   2028856   2849392     71.21   1709592   1220244     83184
02:11:55 AM    876392   2758540    855516     21.38    136284   1837244   2298336     57.43   1580536   1071720     43520
02:12:00 AM    885824   2767980    846300     21.15    136292   1837236   2281232     57.01   1571804   1071720     43520
02:12:05 AM    885824   2767992    846288     21.15    136292   1837248   2281232     57.01   1571832   1071712     43232
02:12:10 AM    885824   2768004    846276     21.15    136304   1837248   2281232     57.01   1571844   1071712     43356
02:12:15 AM    885824   2768012    846268     21.15    136312   1837248   2281232     57.01   1571852   1071712     43364
02:12:20 AM    885824   2768016    846264     21.15    136316   1837248   2281232     57.01   1571864   1071712       168
02:12:25 AM    885760   2767964    846316     21.15    136324   1837252   2281232     57.01   1571872   1071716       212
02:12:30 AM    885792   2768000    846280     21.15    136328   1837252   2281232     57.01   1571876   1071716       216
02:12:35 AM    885792   2768008    846272     21.15    136336   1837252   2281232     57.01   1571888   1071716       208
02:12:40 AM    885792   2768016    846264     21.15    136344   1837252   2281248     57.01   1571896   1071716        64
02:12:45 AM    885792   2768024    846256     21.15    136352   1837252   2281248     57.01   1571904   1071716       208
02:12:50 AM    885792   2768032    846248     21.15    136360   1837252   2281248     57.01   1571912   1071716       212
02:12:55 AM    885792   2768044    846236     21.15    136368   1837256   2281248     57.01   1571920   1071720       220
02:13:00 AM    885540   2767800    846476     21.15    136376   1837256   2281232     57.01   1571928   1071720       156
02:13:05 AM    885540   2767812    846464     21.15    136384   1837260   2281232     57.01   1572080   1071580       256
02:13:10 AM    885540   2767820    846456     21.15    136392   1837260   2281232     57.01   1572088   1071580       276
02:13:15 AM    885540   2767832    846444     21.15    136404   1837260   2281232     57.01   1572104   1071580        48
02:13:20 AM    885540   2767840    846432     21.15    136412   1837264   2281232     57.01   1572112   1071580       228
02:13:25 AM    885540   2767852    846424     21.15    136420   1837264   2281232     57.01   1572120   1071584       232
02:13:30 AM    885540   2767860    846416     21.15    136428   1837264   2281232     57.01   1572160   1071584       232
02:13:35 AM    885540   2767868    846408     21.15    136436   1837264   2281232     57.01   1572168   1071584       180
02:13:40 AM    885540   2767876    846400     21.15    136444   1837264   2281312     57.01   1572176   1071584       188
02:13:45 AM    885540   2767884    846392     21.15    136452   1837264   2281312     57.01   1572184   1071584        48
02:13:50 AM    885540   2767892    846384     21.15    136460   1837264   2281312     57.01   1572192   1071584       160
02:13:55 AM    885540   2767900    846376     21.15    136468   1837264   2281312     57.01   1572200   1071584       184
02:14:00 AM    885540   2767908    846368     21.15    136476   1837264   2281296     57.01   1572208   1071584       184
02:14:05 AM    885288   2767792    846484     21.15    136484   1837392   2281296     57.01   1572216   1071712       280
02:14:10 AM    885288   2767800    846476     21.15    136492   1837392   2281296     57.01   1572224   1071712       240
02:14:15 AM    885288   2767812    846464     21.15    136500   1837396   2281296     57.01   1572232   1071716       260
02:14:20 AM    885288   2767820    846452     21.15    136508   1837396   2281296     57.01   1572252   1071716        40
02:14:25 AM    905356   2787932    826596     20.66    136520   1837520   2267540     56.66   1552212   1071820       328
02:14:30 AM    915040   2797628    817116     20.42    136532   1837520   2251812     56.27   1543224   1071820       440
02:14:35 AM    915040   2797644    817100     20.42    136540   1837528   2251812     56.27   1543232   1071828       448
02:14:40 AM    914788   2797404    817340     20.42    136548   1837532   2251828     56.27   1543240   1071832       452
02:14:45 AM    914788   2797412    817332     20.42    136556   1837532   2251828     56.27   1543248   1071832       336
02:14:50 AM    914788   2797420    817324     20.42    136564   1837532   2251828     56.27   1543256   1071832       352
02:14:55 AM    914788   2797428    817316     20.42    136572   1837532   2251828     56.27   1543264   1071832        40
02:15:00 AM    914788   2797444    817296     20.42    136580   1837536   2251812     56.27   1543272   1071836       160
02:15:05 AM    914788   2797452    817288     20.42    136584   1837540   2251812     56.27   1543276   1071840       292
02:15:10 AM    914788   2797456    817284     20.42    136588   1837540   2251812     56.27   1543280   1071840       312
02:15:15 AM    914788   2797464    817276     20.42    136596   1837540   2251812     56.27   1543288   1071840       312
02:15:20 AM    914788   2797472    817268     20.42    136604   1837540   2251796     56.27   1543304   1071840       252
02:15:25 AM    914788   2797480    817260     20.42    136612   1837540   2251796     56.27   1543312   1071840       264
02:15:30 AM    895604   2780972    833764     20.84    136616   1840156   2310804     57.75   1562644   1071916        44
02:15:35 AM    894548   2779956    834780     20.86    136624   1840156   2311652     57.77   1564600   1071916       208
02:15:40 AM    893540   2778956    835780     20.89    136632   1840156   2313028     57.80   1564616   1071916       240
02:15:45 AM    870860   2774368    840336     21.00    136640   1857836   2313028     57.80   1570680   1089588       304
02:15:50 AM    870608   2774124    840580     21.01    136648   1857836   2313028     57.80   1570816   1089588       320
02:15:55 AM    870576   2774104    840568     21.01    136656   1857840   2313028     57.80   1570836   1089592       228
02:16:00 AM    869568   2773104    841568     21.03    136664   1857840   2319164     57.95   1570844   1089592       240
02:16:05 AM    869032   2772804    841868     21.04    136672   1858060   2319164     57.95   1570928   1089812        44
02:16:10 AM    869032   2772812    841860     21.04    136680   1858060   2319164     57.95   1570936   1089812       216
02:16:15 AM    869000   2772800    841836     21.04    136696   1858064   2319164     57.95   1570952   1089816       100
02:16:20 AM    869032   2772804    841832     21.04    136700   1858064   2319284     57.96   1570960   1089816       228
02:16:25 AM    868780   2773368    841268     21.02    136704   1858856   2319284     57.96   1570964   1090608       228
02:16:30 AM    867740   2773696    840936     21.01    136708   1860188   2352212     58.78   1571048   1091940       260
02:16:35 AM    866040   2773592    841040     21.02    136716   1861736   2352212     58.78   1571104   1093488       200
02:16:40 AM    864496   2773380    841252     21.02    136724   1863028   2352212     58.78   1571112   1094780       216
02:16:45 AM    864496   2773408    841224     21.02    136732   1863048   2352212     58.78   1571120   1094800       216
02:16:50 AM    863740   2773596    840968     21.02    136740   1864036   2319060     57.95   1571064   1095720       608
02:16:55 AM    853976   2765800    849492     21.23    136748   1865968   2308232     57.68   1578088   1097684       364
02:17:00 AM    862620   2776648    838836     20.96    136752   1868136   2292504     57.29   1569108   1099828       440
02:17:05 AM    860856   2776488    838912     20.96    136756   1869652   2292504     57.29   1569112   1101336      1620
02:17:10 AM    853012   2776428    838976     20.97    136760   1877236   2292504     57.29   1569116   1108924      9308
02:17:15 AM    843404   2776420    838948     20.96    136764   1886612   2292504     57.29   1569120   1118264      8040
02:17:20 AM    832756   2776780    838648     20.96    136784   1897216   2292488     57.29   1569156   1128916       248
02:17:25 AM    828724   2776292    839076     20.97    136792   1900756   2292488     57.29   1569164   1132396      3844
02:17:30 AM    820628   2776740    838668     20.96    136796   1908976   2292488     57.29   1569172   1140656     12056
02:17:35 AM    812596   2776472    838920     20.96    136804   1916556   2292488     57.29   1569180   1148220      5132
02:17:40 AM    805980   2776576    838780     20.96    136820   1923120   2292520     57.29   1569212   1154732      2744
02:17:45 AM    801224   2776412    838996     20.97    136828   1927512   2292524     57.29   1569224   1159172      7076
02:17:50 AM    799680   2776108    839320     20.97    136836   1928696   2292524     57.29   1569232   1160376      8392
02:17:55 AM    796436   2776892    838480     20.95    136844   1932668   2292524     57.29   1568648   1164292     12360
02:18:00 AM    795176   2776864    838552     20.96    136852   1933820   2292504     57.29   1568656   1165488     13532
02:18:05 AM    793128   2776924    838492     20.95    136860   1935868   2292504     57.29   1568664   1167536     15688
02:18:10 AM    790104   2777056    838324     20.95    136868   1938940   2292504     57.29   1568672   1170572     18764
02:18:15 AM    790104   2777116    838312     20.95    136872   1938948   2292504     57.29   1568684   1170620       280
02:18:20 AM    789032   2776096    839308     20.97    136872   1939024   2292504     57.29   1568684   1170672       188
02:18:25 AM    788056   2777156    838272     20.95    136876   1940980   2292504     57.29   1568688   1172652      2244
02:18:30 AM    785568   2776704    838692     20.96    136884   1943012   2325368     58.11   1568748   1174656      4256
02:18:35 AM    783804   2776864    838504     20.95    136888   1944888   2325368     58.11   1568752   1176504      6028
02:18:40 AM    781252   2776788    838608     20.96    136892   1947272   2325368     58.11   1568756   1178916      8420
02:18:45 AM    779992   2776860    838516     20.95    136896   1948584   2325368     58.11   1568764   1180208      9732
02:18:50 AM    776212   2777056    838304     20.95    136904   1952476   2292216     57.28   1568716   1184084     13540
02:18:55 AM    769660   2776800    838592     20.96    136912   1958540   2292216     57.28   1568724   1190180      2060
02:19:00 AM    768400   2776172    839252     20.97    136912   1959124   2292504     57.29   1568724   1190796       188
02:19:05 AM    764084   2776984    838420     20.95    136912   1964112   2292504     57.29   1568724   1195764      5248
02:19:10 AM    756272   2777032    838368     20.95    136932   1971760   2292504     57.29   1568744   1203408       828
02:19:15 AM    750192   2777252    838116     20.94    136932   1977900   2292504     57.29   1568752   1209508      1724
02:19:20 AM    734828   2767920    847512     21.18    136948   1983708   2357216     58.91   1578484   1214348       624
02:19:25 AM    676716   2774492    841360     21.03    143136   2037252   2270852     56.75   1580916   1264936     17780
02:19:30 AM    420544   2782512    833564     20.83    144216   2287884   2248460     56.19   1575344   1515348      2720
02:19:35 AM    195652   2779352    836076     20.89    153560   2474944   2250260     56.23   1587708   1702024      7764
02:19:40 AM    107944   2765876    848580     21.21    179056   2496164   2272712     56.79   1594180   1754568      3860
02:19:45 AM    200836   2812744    801608     20.03    187264   2429924   2222832     55.55   1524356   1717136     17916
02:19:50 AM    194712   2809524    803880     20.09    188816   2429632   2231220     55.76   1718896   1526688      2856
02:19:55 AM    195820   2816812    796400     19.90    190012   2433748   2251152     56.26   1717328   1526576      2668
02:20:00 AM    195872   2816772    796460     19.90    190596   2433096   2241632     56.02   1719828   1524844      3436
02:20:05 AM    103756   2820760    792352     19.80    194068   2521896   2241632     56.02   1704804   1627464    139836
02:20:10 AM    124084   2805868    807164     20.17    191100   2486184   2257288     56.41   1699400   1608128    101944
02:20:15 AM    107216   2807988    805048     20.12    190420   2505348   2257288     56.41   1760296   1565220     17108
02:20:20 AM    490632   2826440    785996     19.64    187624   2154792   2239936     55.98   1665820   1285040     42796
02:20:25 AM    504812   2840636    772008     19.29    187636   2154796   2207544     55.17   1653292   1285044     43112
02:20:30 AM    504812   2840636    772008     19.29    187636   2154796   2207544     55.17   1653292   1285044     43112
02:20:35 AM    504844   2840676    771968     19.29    187644   2154796   2207544     55.17   1653308   1285044     43120
02:20:40 AM    504844   2840680    771964     19.29    187648   2154796   2197904     54.92   1653312   1285044     43120
02:20:45 AM    504844   2840680    771964     19.29    187648   2154796   2197904     54.92   1653312   1285044     42084
02:20:50 AM    504844   2840684    771960     19.29    187652   2154796   2197904     54.92   1653320   1285048     40628
02:20:55 AM    504844   2840688    771956     19.29    187656   2154796   2197904     54.92   1653324   1285048       188
02:21:00 AM    504844   2840688    771956     19.29    187656   2154796   2197904     54.92   1653328   1285048       192
02:21:05 AM    504716   2840624    771892     19.29    187660   2154852   2197904     54.92   1653596   1284840       300
02:21:10 AM    504716   2840624    771892     19.29    187660   2154852   2197904     54.92   1653596   1284840       316
02:21:15 AM    504716   2840636    771880     19.29    187668   2154856   2197904     54.92   1653604   1284844       320
02:21:20 AM    504716   2840648    771868     19.29    187676   2154860   2197904     54.92   1653612   1284848       232
02:21:25 AM    504716   2840652    771864     19.29    187680   2154860   2197904     54.92   1653616   1284848       172
02:21:30 AM    504716   2840656    771860     19.29    187684   2154860   2197904     54.92   1653624   1284848       192
02:21:35 AM    504716   2840664    771852     19.29    187692   2154860   2197904     54.92   1653632   1284848       192
02:21:40 AM    504716   2840668    771848     19.29    187696   2154860   2197920     54.93   1653636   1284848       180
02:21:45 AM    504716   2840672    771844     19.29    187700   2154860   2197920     54.93   1653640   1284848       196
02:21:50 AM    504716   2840680    771836     19.29    187708   2154860   2197920     54.93   1653648   1284848       196
02:21:55 AM    504716   2840680    771836     19.29    187708   2154860   2197920     54.93   1653648   1284848       148
02:22:00 AM    504716   2840680    771836     19.29    187708   2154860   2197904     54.92   1653648   1284848        12
02:22:05 AM    504716   2840704    771812     19.29    187716   2154876   2197904     54.92   1653728   1284792       256
02:22:10 AM    504716   2840704    771812     19.29    187716   2154876   2197904     54.92   1653732   1284792       276
02:22:15 AM    504716   2840712    771804     19.29    187720   2154880   2197904     54.92   1653736   1284796       280
02:22:20 AM    504716   2840712    771804     19.29    187720   2154880   2197904     54.92   1653736   1284796       288
02:22:25 AM    504684   2840776    771740     19.29    187720   2154976   2197904     54.92   1653800   1284892       288
02:22:30 AM    504716   2840808    771708     19.28    187720   2154976   2197904     54.92   1653820   1284892       256
02:22:35 AM    504716   2840808    771708     19.28    187720   2154976   2197904     54.92   1653824   1284892        12
02:22:40 AM    504464   2840560    771956     19.29    187724   2154976   2197984     54.93   1653828   1284892       184
02:22:45 AM    504464   2840560    771956     19.29    187724   2154976   2197984     54.93   1653828   1284892       188
02:22:50 AM    504464   2840568    771948     19.29    187732   2154976   2197984     54.93   1653836   1284892       192
02:22:55 AM    504464   2840584    771932     19.29    187740   2154984   2197984     54.93   1653844   1284900       200
02:23:00 AM    504464   2840592    771924     19.29    187748   2154984   2197968     54.93   1653852   1284900       204
02:23:05 AM    504464   2840592    771924     19.29    187748   2154984   2197968     54.93   1653852   1284900       256
02:23:10 AM    504464   2840604    771912     19.29    187752   2154992   2197968     54.93   1653856   1284908        40
02:23:15 AM    504464   2840604    771912     19.29    187752   2154992   2197968     54.93   1653864   1284908       216
02:23:20 AM    504464   2840604    771912     19.29    187752   2154992   2197984     54.93   1653864   1284908       236
02:23:25 AM    504528   2840672    771844     19.29    187756   2154992   2197984     54.93   1653868   1284908       236
02:23:30 AM    504464   2840616    771900     19.29    187764   2154992   2197984     54.93   1653876   1284908       240
02:23:35 AM    504464   2840620    771896     19.29    187768   2154992   2197984     54.93   1653880   1284908       236
02:23:40 AM    504464   2840620    771896     19.29    187768   2154992   2197984     54.93   1653880   1284908       176
02:23:45 AM    504464   2840620    771896     19.29    187768   2154992   2197984     54.93   1653880   1284908        12
02:23:50 AM    504464   2840620    771896     19.29    187768   2154992   2197984     54.93   1653880   1284908       156
02:23:55 AM    504464   2840624    771892     19.29    187772   2154992   2197984     54.93   1653884   1284908       160
02:24:00 AM    504212   2840376    772140     19.30    187776   2154992   2197968     54.93   1653888   1284908       160
02:24:05 AM    504212   2840392    772124     19.30    187776   2155004   2197968     54.93   1653888   1284920       268
02:24:10 AM    504212   2840392    772124     19.30    187776   2155004   2197968     54.93   1653892   1284920       292
02:24:15 AM    504212   2840400    772116     19.29    187784   2155004   2197968     54.93   1653900   1284920       260
02:24:20 AM    504212   2840400    772116     19.29    187784   2155004   2197968     54.93   1653900   1284920        28
02:24:25 AM    504212   2840404    772112     19.29    187788   2155004   2197968     54.93   1653904   1284920       188
02:24:30 AM    504212   2840404    772112     19.29    187788   2155004   2197968     54.93   1653964   1284920       188
02:24:35 AM    504212   2840408    772108     19.29    187788   2155008   2197968     54.93   1653964   1284924       192
02:24:40 AM    504212   2840420    772096     19.29    187800   2155008   2198048     54.93   1653976   1284924       208
02:24:45 AM    504212   2840428    772088     19.29    187808   2155008   2198048     54.93   1653988   1284924       208
02:24:50 AM    504212   2840432    772084     19.29    187812   2155008   2198048     54.93   1653992   1284924       208
02:24:55 AM    504212   2840432    772084     19.29    187812   2155008   2198048     54.93   1653992   1284924       168
02:25:00 AM    504212   2840440    772076     19.29    187816   2155012   2198016     54.93   1653996   1284928       172
02:25:05 AM    504212   2840448    772068     19.29    187820   2155016   2198016     54.93   1654004   1284932       272
02:25:10 AM    504212   2840452    772064     19.29    187824   2155016   2198016     54.93   1654008   1284932       292
02:25:15 AM    504212   2840456    772060     19.29    187828   2155016   2198016     54.93   1654012   1284932       292
02:25:20 AM    504212   2840460    772056     19.29    187832   2155016   2198016     54.93   1654016   1284932       292
02:25:25 AM    496176   2832364    780540     19.51    187836   2155012   2186936     54.65   1663580   1283772       372
02:25:30 AM    507136   2843324    769780     19.24    187836   2155012   2171208     54.26   1653196   1283772        28
02:25:35 AM    506884   2843168    769936     19.24    187840   2155104   2171208     54.26   1653200   1283864       176
02:25:40 AM    506884   2843172    769932     19.24    187844   2155104   2171192     54.26   1653204   1283864       188
02:25:45 AM    506884   2843188    769924     19.24    187848   2155108   2171192     54.26   1653200   1283876       196
02:25:50 AM    506884   2843188    769924     19.24    187848   2155108   2171192     54.26   1653200   1283876       196
02:25:55 AM    506884   2843196    769916     19.24    187852   2155112   2171192     54.26   1653204   1283880       156
02:26:00 AM    506884   2843204    769908     19.24    187860   2155112   2171192     54.26   1653224   1283880        36
02:26:05 AM    506884   2843216    769896     19.24    187868   2155116   2171192     54.26   1653236   1283884       240
02:26:10 AM    506884   2843224    769888     19.24    187876   2155116   2171192     54.26   1653244   1283884       296
02:26:15 AM    506884   2843228    769884     19.24    187876   2155120   2171192     54.26   1653244   1283888       304
02:26:20 AM    506884   2843240    769872     19.24    187888   2155120   2171208     54.26   1653256   1283888       216
02:26:25 AM    506852   2843212    769900     19.24    187892   2155120   2171208     54.26   1653260   1283888       216
02:26:30 AM    506568   2842932    770180     19.25    187896   2155120   2187640     54.67   1653300   1283888       160
02:26:35 AM    506568   2842936    770176     19.25    187900   2155120   2187640     54.67   1653304   1283888        32
02:26:40 AM    506568   2842936    770176     19.25    187900   2155120   2195864     54.87   1653304   1283888       160
02:26:45 AM    508584   2844952    768160     19.20    187900   2155120   2195864     54.87   1651432   1283888       188
02:26:50 AM    508584   2844964    768148     19.20    187908   2155124   2195864     54.87   1651440   1283892       196
02:26:55 AM    508584   2844972    768140     19.20    187916   2155124   2195864     54.87   1651448   1283892       196
02:27:00 AM    508584   2844972    768140     19.20    187916   2155124   2195816     54.87   1651448   1283892       200
02:27:05 AM    508836   2845224    767888     19.19    187916   2155124   2179384     54.46   1651420   1283892       256
02:27:10 AM    508836   2845228    767884     19.19    187920   2155124   2179384     54.46   1651424   1283892        40
02:27:15 AM    508836   2845236    767876     19.19    187928   2155124   2179384     54.46   1651424   1283888       152
02:27:20 AM    508836   2845236    767876     19.19    187928   2155124   2171176     54.26   1651424   1283888       188
02:27:25 AM    508552   2844952    768160     19.20    187928   2155124   2171176     54.26   1651424   1283888       192
02:27:30 AM    508552   2844956    768156     19.20    187928   2155128   2171176     54.26   1651504   1283892       200
02:27:35 AM    508552   2844956    768156     19.20    187928   2155128   2171176     54.26   1651508   1283892       196
02:27:40 AM    508552   2844956    768156     19.20    187928   2155128   2171272     54.26   1651508   1283892       164
02:27:45 AM    508552   2844960    768152     19.20    187928   2155132   2171272     54.26   1651508   1283896        36
02:27:50 AM    508552   2844964    768148     19.20    187932   2155132   2171272     54.26   1651512   1283896       140
02:27:55 AM    508552   2844972    768140     19.20    187936   2155136   2171272     54.26   1651516   1283900       180
02:28:00 AM    508552   2844976    768136     19.20    187936   2155136   2171240     54.26   1651516   1283900       188
02:28:05 AM    508552   2844980    768132     19.20    187936   2155140   2171240     54.26   1651516   1283904       308
02:28:10 AM    508552   2844980    768132     19.20    187936   2155140   2171240     54.26   1651516   1283904       308
02:28:15 AM    508552   2844980    768132     19.20    187936   2155140   2171240     54.26   1651516   1283904       312
02:28:20 AM    508552   2844980    768132     19.20    187936   2155140   2171256     54.26   1651516   1283904       288
02:28:25 AM    508616   2845048    768064     19.19    187940   2155140   2171256     54.26   1651520   1283904       168
02:28:30 AM    508552   2844988    768124     19.20    187944   2155140   2171256     54.26   1651524   1283904       184
02:28:35 AM    508552   2844996    768116     19.19    187948   2155144   2171256     54.26   1651528   1283908       188
02:28:40 AM    508552   2845000    768112     19.19    187948   2155148   2171272     54.26   1651528   1283912       200
02:28:45 AM    508552   2845000    768112     19.19    187948   2155148   2171272     54.26   1651528   1283912       200
02:28:50 AM    508552   2845000    768112     19.19    187948   2155148   2171272     54.26   1651528   1283912       200
02:28:55 AM    508552   2845000    768112     19.19    187948   2155148   2171272     54.26   1651528   1283912       176
02:29:00 AM    508552   2845004    768108     19.19    187952   2155148   2171240     54.26   1651532   1283912       160
02:29:05 AM    508552   2845012    768100     19.19    187956   2155152   2171240     54.26   1651540   1283916       292
02:29:10 AM    508552   2845012    768100     19.19    187956   2155152   2171240     54.26   1651540   1283916       292
02:29:15 AM    508552   2845012    768100     19.19    187956   2155152   2171240     54.26   1651540   1283916       296
02:29:20 AM    508552   2845012    768100     19.19    187956   2155152   2171240     54.26   1651540   1283916       296
02:29:25 AM    508584   2845316    767796     19.19    187960   2155420   2171240     54.26   1651544   1284184       336
02:29:30 AM    508584   2845424    767688     19.18    187968   2155520   2171240     54.26   1651552   1284284       312
02:29:35 AM    508584   2845436    767676     19.18    187972   2155528   2171240     54.26   1651556   1284292       180
02:29:40 AM    508080   2844932    768180     19.20    187972   2155528   2171256     54.26   1651560   1284292       204
02:29:45 AM    508080   2844932    768180     19.20    187972   2155528   2171256     54.26   1651560   1284292       204
02:29:50 AM    508080   2844932    768176     19.20    187976   2155528   2171256     54.26   1651560   1284292       208
02:29:55 AM    508080   2844944    768168     19.20    187984   2155528   2171256     54.26   1651572   1284292       208
02:30:00 AM    508080   2844944    768168     19.20    187984   2155528   2171256     54.26   1651572   1284292       212
02:30:05 AM    508080   2844948    768164     19.20    187984   2155532   2171256     54.26   1651572   1284296       192
02:30:10 AM    508080   2844948    768164     19.20    187984   2155532   2171256     54.26   1651572   1284296       180
02:30:15 AM    508332   2845204    767908     19.19    187988   2155532   2171256     54.26   1651448   1284296       196
02:30:20 AM    508332   2845204    767900     19.19    187996   2155532   2171256     54.26   1651448   1284296       200
02:30:25 AM    508332   2845220    767892     19.19    188004   2155532   2171256     54.26   1651464   1284296       200
02:30:30 AM    508332   2845228    767884     19.19    188008   2155536   2171256     54.26   1651544   1284300       208
02:30:35 AM    508332   2845228    767884     19.19    188008   2155536   2171256     54.26   1651544   1284300        20
02:30:40 AM    508080   2844980    768132     19.20    188012   2155536   2171336     54.26   1651556   1284300       168
02:30:45 AM    508048   2845088    768032     19.19    188016   2155664   2171336     54.26   1651552   1284436       176
02:30:50 AM    508048   2845096    768024     19.19    188024   2155664   2171336     54.26   1651560   1284436       188
02:30:55 AM    508048   2845104    768016     19.19    188032   2155664   2171336     54.26   1651568   1284436       188
02:31:00 AM    508048   2845112    768008     19.19    188040   2155664   2171304     54.26   1651576   1284436       196
02:31:05 AM    508048   2845116    768004     19.19    188040   2155668   2171304     54.26   1651576   1284440       308
02:31:10 AM    508048   2845116    768004     19.19    188040   2155668   2171304     54.26   1651576   1284440        28
02:31:15 AM    508048   2845128    767992     19.19    188048   2155672   2171304     54.26   1651584   1284444       172
02:31:20 AM    507796   2844896    768224     19.20    188064   2155676   2171304     54.26   1651604   1284448       164
02:31:25 AM    507796   2844904    768216     19.20    188068   2155680   2171304     54.26   1651608   1284452       200
02:31:30 AM    507764   2844872    768248     19.20    188068   2155680   2171304     54.26   1651608   1284452       204
02:31:35 AM    507764   2844876    768244     19.20    188072   2155680   2171304     54.26   1651612   1284452       204
02:31:40 AM    507764   2844880    768240     19.20    188076   2155680   2171320     54.26   1651616   1284452       204
02:31:45 AM    507764   2844888    768232     19.20    188080   2155684   2171320     54.26   1651624   1284456       216
02:31:50 AM    507764   2844892    768228     19.20    188084   2155684   2171320     54.26   1651628   1284456       164
02:31:55 AM    507764   2844892    768220     19.20    188092   2155684   2171320     54.26   1651628   1284456       172
02:32:00 AM    507764   2844904    768216     19.20    188096   2155684   2171304     54.26   1651640   1284456       184
02:32:05 AM    507764   2844904    768216     19.20    188096   2155684   2171304     54.26   1651640   1284456       300
02:32:10 AM    507764   2844904    768216     19.20    188096   2155684   2171304     54.26   1651644   1284456       300
02:32:15 AM    507764   2845024    768080     19.19    188104   2155812   2171304     54.26   1651644   1284576       304
02:32:20 AM    507764   2845040    768068     19.19    188112   2155816   2171320     54.26   1651652   1284584       308
02:32:25 AM    507732   2845020    768096     19.19    188116   2155816   2171320     54.26   1651664   1284588       168
02:32:30 AM    507732   2845024    768096     19.19    188116   2155816   2171320     54.26   1651668   1284588       168
02:32:35 AM    507732   2845024    768096     19.19    188116   2155816   2171320     54.26   1651668   1284588       180
02:32:40 AM    507480   2844776    768340     19.20    188120   2155816   2171336     54.26   1651668   1284588       176
02:32:45 AM    507732   2845040    768080     19.19    188128   2155816   2171336     54.26   1651680   1284588       176
02:32:50 AM    507732   2845040    768080     19.19    188128   2155816   2171336     54.26   1651680   1284588       180
02:32:55 AM    507732   2845044    768076     19.19    188128   2155820   2171336     54.26   1651680   1284592       192
02:33:00 AM    507732   2845048    768072     19.19    188132   2155820   2171304     54.26   1651688   1284592       160
02:33:05 AM    507480   2844800    768316     19.20    188136   2155824   2171304     54.26   1651688   1284596       276
02:33:10 AM    507480   2844812    768308     19.20    188144   2155824   2171304     54.26   1651700   1284596       288
02:33:15 AM    510252   2847584    765528     19.13    188148   2155828   2171304     54.26   1648916   1284596       296
02:33:20 AM    510252   2847592    765524     19.13    188152   2155828   2171304     54.26   1648920   1284600       316
02:33:25 AM    510284   2847628    765492     19.13    188152   2155828   2171304     54.26   1648924   1284600       320
02:33:30 AM    510252   2847596    765516     19.13    188160   2155828   2171304     54.26   1648932   1284600       320
02:33:35 AM    510252   2847608    765512     19.13    188164   2155828   2171304     54.26   1648944   1284600       180
02:33:40 AM    510252   2847608    765504     19.13    188172   2155828   2171352     54.26   1648948   1284600       180
02:33:45 AM    510252   2847620    765500     19.13    188176   2155828   2171352     54.26   1648960   1284600       192
02:33:50 AM    510252   2847620    765492     19.13    188184   2155828   2171352     54.26   1648960   1284600       196
02:33:55 AM    510252   2847628    765484     19.13    188192   2155828   2171352     54.26   1648968   1284600       196
02:34:00 AM    510252   2847644    765476     19.13    188200   2155828   2171304     54.26   1648984   1284600       196
02:34:05 AM    510252   2847648    765472     19.13    188200   2155832   2171304     54.26   1648984   1284604       308
02:34:10 AM    510252   2847660    765460     19.13    188204   2155840   2171304     54.26   1648988   1284612       180
02:34:15 AM    510252   2847660    765452     19.13    188212   2155840   2171304     54.26   1648988   1284612       180
02:34:20 AM    510252   2847668    765452     19.13    188212   2155840   2171320     54.26   1648996   1284612       192
02:34:25 AM    510252   2847668    765452     19.13    188212   2155840   2171320     54.26   1648996   1284612       196
02:34:30 AM    510252   2847668    765444     19.13    188220   2155840   2171320     54.26   1648996   1284612       196
02:34:35 AM    510252   2847680    765440     19.13    188220   2155844   2171320     54.26   1649004   1284616       200
02:34:40 AM    510252   2847684    765436     19.13    188224   2155844   2171336     54.26   1649008   1284616        20
02:34:45 AM    510252   2847684    765436     19.13    188224   2155844   2171336     54.26   1649008   1284616       160
02:34:50 AM    510252   2847692    765428     19.13    188232   2155844   2171336     54.26   1649016   1284616       152
02:34:55 AM    510252   2847692    765424     19.13    188236   2155844   2171336     54.26   1649016   1284616       176
02:35:00 AM    510252   2847696    765424     19.13    188236   2155844   2171320     54.26   1649020   1284616       176
02:35:05 AM    510252   2847700    765408     19.13    188244   2155852   2171320     54.26   1649020   1284620       304
02:35:10 AM    510252   2847712    765404     19.13    188248   2155852   2171320     54.26   1649028   1284624       100
02:35:15 AM    510252   2847720    765400     19.13    188252   2155852   2171320     54.26   1649036   1284624       156
02:35:20 AM    510252   2847728    765392     19.13    188260   2155852   2171320     54.26   1649044   1284624       160
02:35:25 AM    510284   2847760    765356     19.13    188264   2155852   2171320     54.26   1649044   1284624       184
02:35:30 AM    510252   2847732    765380     19.13    188272   2155852   2171320     54.26   1649048   1284624       188
02:35:36 AM    510252   2847740    765380     19.13    188272   2155852   2171320     54.26   1649056   1284624       192
02:35:41 AM    510252   2847740    765376     19.13    188276   2155852   2171320     54.26   1649056   1284624       192
02:35:46 AM    510252   2847752    765368     19.13    188284   2155852   2171320     54.26   1649068   1284624       192
02:35:51 AM    510252   2847752    765364     19.13    188288   2155852   2171320     54.26   1649068   1284624       184
02:35:56 AM    510252   2847756    765364     19.13    188288   2155852   2171320     54.26   1649076   1284624       156
02:36:01 AM    510252   2847760    765356     19.13    188292   2155856   2171304     54.26   1649076   1284628       156
02:36:06 AM    510252   2847772    765344     19.13    188296   2155864   2171304     54.26   1649080   1284636       288
02:36:11 AM    510252   2847784    765336     19.13    188304   2155864   2171304     54.26   1649092   1284636       292
02:36:16 AM    510252   2847788    765324     19.13    188312   2155868   2171304     54.26   1649092   1284640       296
02:36:21 AM    510000   2847552    765560     19.13    188328   2155868   2171336     54.26   1649108   1284640       212
02:36:26 AM    510000   2847560    765556     19.13    188332   2155868   2171336     54.26   1649116   1284640       208
02:36:31 AM    510000   2847568    765552     19.13    188336   2155868   2171336     54.26   1649124   1284640       172
02:36:36 AM    510000   2847568    765552     19.13    188336   2155868   2171336     54.26   1649124   1284640       180
02:36:41 AM    510000   2847576    765544     19.13    188344   2155868   2171336     54.26   1649132   1284640       192
02:36:46 AM    510000   2847576    765536     19.13    188352   2155868   2171336     54.26   1649132   1284640       192
02:36:51 AM    510000   2847584    765528     19.13    188360   2155868   2171336     54.26   1649140   1284640       200
02:36:56 AM    510000   2847596    765524     19.13    188360   2155872   2171336     54.26   1649148   1284644       208
02:37:01 AM    510000   2847596    765516     19.13    188364   2155876   2171320     54.26   1649148   1284644       204
02:37:06 AM    510000   2847608    765512     19.13    188368   2155876   2171320     54.26   1649156   1284648       280
02:37:11 AM    514968   2847864    765400     19.13    188632   2151420   2171292     54.26   1645084   1284528       656
02:37:16 AM    442404   2779576    833840     20.84    188912   2155212   2242800     56.05   1717868   1285200      1384
02:37:21 AM    492796   2830896    782484     19.55    188912   2156160   2192576     54.79   1666240   1286048      2360
02:37:26 AM    443232   2782236    831132     20.77    188916   2157080   2251392     56.26   1715608   1286840      3252
02:37:31 AM    491024   2831036    782316     19.55    188920   2158076   2200892     55.00   1666276   1287760      4248
02:37:36 AM    372844   2713736    899612     22.48    188928   2158944   2331316     58.26   1783812   1288544      5012
02:37:41 AM    391232   2733264    880064     21.99    189064   2159960   2299132     57.45   1764508   1289456      5508
02:37:46 AM    445804   2789548    823820     20.59    189064   2160996   2233724     55.82   1709268   1290252      6368
